
 67

((((((((((((RfanJLB07_19_0398_ADJI: 0.002953, Rfant_0062_AAGC: 0.004061): 0.000698, (RfantJLB07_046_0069_AAGJ: 0.002152, Rfant_0060_AAGA: 0.002715): 0.000711): 0.000830, (((Rsumm_0108_ABAI: 0.001707, RsummJLB08_072_0109_ABAJ: 0.001924): 0.000424, RfantJLB07_041_0068_AAGI: 0.002852): 0.000786, RfantJLB07_998_0073_AAHD: 0.003283): 0.001256): 0.001571, ((((RbeniJB0027_0050_AAFA: 0.000718, RbeniJLB07_027_0046_AAEG: 0.001249): 0.002174, RbeniJLB0010_0048_AAEI: 0.003098): 0.002104, (Ruaka_0119_ABBJ: 0.001245, Ruaka_0121_ABCB: 0.001149): 0.003073): 0.001002, (Rvent_0159_ABFJ: 0.004227, Ruaka_0112_ABBC: 0.004884): 0.001547): 0.000889): 0.000782, (((RuakaJLB17_142_0815_AIBF: 0.009385, Ruaka_0114_ABBE: 0.002402): 0.000419, Ruaka_0115_ABBF: 0.002935): 0.001008, RuakaJLB17_051_0455_AEFF: 0.007339): 0.001324): 0.001977, (RretiMNCN_26963_0395_ADJF: 0.003688, RretiMNCN_27372_0417_AEBH: 0.003710): 0.003354): 0.005230, (Rduel_0058_AAFI: 0.004861, RvertJLB17_158_0827_AICH: 0.011686): 0.008538): 0.007374, ((RdeflJLB08_005_0055_AAFF: 0.002867, RdeflJLB08_006_0056_AAFG: 0.002213): 0.002348, RdeflJLB08_008_0057_AAFH: 0.003984): 0.011932): 0.002917, ((((((RventJLB07_048_0152_ABFC: 0.005934, Rvari_0123_ABCD: 0.005934): 0.000961, RventJLB06_012_0170_ABHA: 0.005128): 0.000776, Rvent_0151_ABFB: 0.006253): 0.000941, (Rsp32904_0407_AEAH: 0.004977, RventJLB06_018_0156_ABFG: 0.007398): 0.001157): 0.001043, (RamazIP_MTR24117_0493_AEJD: 0.004516, Rvent_0143_ABED: 0.003221): 0.005643): 0.002775, ((((Rvent_0154_ABFE: 0.005771, RventLSUMZ_12925_0577_AFHH: 0.005780): 0.000775, (RventJLB08_004_0135_ABDF: 0.005575, RvariSCF2014_0900_AJAA: 0.008880): 0.001054): 0.000939, (RventJLB07_237_0131_ABDB: 0.006012, RventJLB08_019_0264_ACGE: 0.003643): 0.000770): 0.001144, Rvent_0165_ABGF: 0.005884): 0.004107): 0.009797): 0.003097, (((RtoraIP_MTR28544_0631_AGDB: 0.003710, RventLSUMZ_15778_0620_AGCA: 0.003935): 0.003935, RtoraSCF1534_0888_AIII: 0.010594): 0.003542, RdeflSCF2012_0898_AIJI: 0.011415): 0.006205): 0.017891, ((((((Rflav_0076_AAHG: 0.003362, RflavJLB17_052_0456_AEFG: 0.003356): 0.000763, RyavaJLB17_085_0584_AFIE: 0.003944): 0.003260, (RvanzIP_MTR28162_0635_AGDF: 0.004780, Rsp_0106_ABAG: 0.005230): 0.002059): 0.001973, (RyavaJLB08_157_0173_ABHD: 0.002546, RyavaJLB08_157_0174_ABHE: 0.001638): 0.005689): 0.007674, (((RimitJLB07_42_0404_AEAE: 0.002072, RimitJLB07_49_2_0655_AGFF: 0.002046): 0.000701, RimitJLB17_089_0588_AFII: 0.002815): 0.000422, RimitET_16_061_0915_AJBF: 0.007940): 0.010545): 0.006257, (((((Rlama_0093_AAJD: 0.004369, RsireJLB07_031_0104_ABAE: 0.005301): 0.001350, RlamaJLB08_098_0089_AAIJ: 0.005381): 0.000704, (RlamaJLB07_002_0086_AAIG: 0.004380, Rlama_0091_AAJB: 0.004507): 0.000956): 0.002082, (RvanzLSUMZ_13658_0617_AGBH: 0.004783, RvanzJLB17_150_0826_AICG: 0.011012): 0.011849): 0.003287, (RsireJLB17_063_0465_AEGF: 0.007269, Rbiol_0053_AAFD: 0.002667): 0.008359): 0.007732): 0.026462): 0.013095, Mminu_0244_ACEE: 0.025053, EcaptJB0004n1_0239_ACDJ: 0.042672);

  0.013095  0.017891  0.003097  0.002917  0.007374  0.005230  0.001977  0.000782  0.001571  0.000830  0.000698  0.002953  0.004061  0.000711  0.002152  0.002715  0.001256  0.000786  0.000424  0.001707  0.001924  0.002852  0.003283  0.000889  0.001002  0.002104  0.002174  0.000718  0.001249  0.003098  0.003073  0.001245  0.001149  0.001547  0.004227  0.004884  0.001324  0.001008  0.000419  0.009385  0.002402  0.002935  0.007339  0.003354  0.003688  0.003710  0.008538  0.004861  0.011686  0.011932  0.002348  0.002867  0.002213  0.003984  0.009797  0.002775  0.001043  0.000941  0.000776  0.000961  0.005934  0.005934  0.005128  0.006253  0.001157  0.004977  0.007398  0.005643  0.004516  0.003221  0.004107  0.001144  0.000939  0.000775  0.005771  0.005780  0.001054  0.005575  0.008880  0.000770  0.006012  0.003643  0.005884  0.006205  0.003542  0.003935  0.003710  0.003935  0.010594  0.011415  0.026462  0.006257  0.007674  0.001973  0.003260  0.000763  0.003362  0.003356  0.003944  0.002059  0.004780  0.005230  0.005689  0.002546  0.001638  0.010545  0.000422  0.000701  0.002072  0.002046  0.002815  0.007940  0.007732  0.003287  0.002082  0.000704  0.001350  0.004369  0.005301  0.005381  0.000956  0.004380  0.004507  0.011849  0.004783  0.011012  0.008359  0.007269  0.002667  0.025053  0.042672

 -0.093078  0.678209 -2.188814 -3.213005 -0.832055 -1.774204 -5.853430 -40.765854 -9.252122 -27.388406 -32.097761 -4.030040 -1.840039 -30.974731 -6.770118 -3.636256 -13.089593 -23.919673 -39.847185 -5.607465 -4.719712 -3.362962 -3.241999 -31.033168 -22.075846 -3.540889 -3.885643 -58.912733 -15.420903 -1.856892 -2.921198 -12.426994 -17.479461 -8.051636 -1.692509 -2.028526 -9.482282 -7.338407 -9.208084 -0.978024 -1.672363 -2.284349 -1.026236 -2.221902 -1.782728 -2.186318 -0.768762 -1.171266 -1.724909 -0.383092 -3.303096 -4.259067 -7.962650 -2.611271 -0.948803 -4.350011 -20.092128 -24.509131 -28.310034 -13.571468 -1.203577 -0.940874 -1.424603 -0.135360 -11.465285 -1.457251 -0.537356 -1.129838 -1.395339 -3.054212 -1.279969 -7.904873 -15.090722 -24.643494 -1.369291 -1.090331 -12.842205 -1.570997 -0.858507 -29.316408 -0.962787 -2.118028 -0.837916 -0.578487 -1.225007 -0.947385 -1.940428 -1.836791 -0.781021 -0.542128  0.091865 -0.045120  0.771732 -2.013505 -1.544452 -21.849623 -2.310063 -1.668453 -2.446713 -4.040604 -0.967443 -1.222949 -0.304440 -1.304025 -4.065547  0.415874 -21.141416 -29.183489 -6.799702 -6.919542 -4.056135 -0.337255  0.053140 -0.413081 -4.234523 -20.828343 -7.040610 -1.276157 -0.942624 -1.533090 -10.589487 -0.664151 -0.966548 -0.082837 -1.915184 -0.249870 -0.326724 -0.350193 -2.637920  0.000000  0.207671


Hessian

 -1.268e+07 -3.692e+05  1.209e+05  4.381e+05   4.23e+05  5.383e+05  3.215e+05  3.395e+05  5.311e+05  6.135e+05  3.937e+05  3.235e+05  6.244e+05  4.421e+05  2.806e+05  4.123e+05  3.374e+05  4.534e+05  3.571e+05  3.148e+05  1.902e+05  5.126e+05  3.302e+05  6.355e+05  4.682e+05  5.456e+05  5.512e+05   3.23e+05  5.682e+05  3.409e+05  3.781e+05    5.7e+05  3.629e+05  6.505e+05  3.699e+05  4.786e+05  3.186e+05  3.434e+05  3.925e+05  3.489e+05  1.053e+05  1.896e+05  3.945e+05  4.652e+05  2.284e+05  4.291e+05  5.019e+05  2.728e+05  4.204e+05  6.154e+05  5.524e+05    3.1e+05  2.965e+05  5.819e+05  3.693e+05  3.387e+05  5.734e+05  4.712e+05  6.025e+05  2.679e+05  3.717e+05  3.923e+05  2.383e+05  5.571e+05  4.155e+05  5.148e+05   3.34e+05  4.482e+05  3.234e+05  4.621e+05  5.936e+05  5.736e+05  4.897e+05  5.158e+05  3.114e+05  4.957e+05   4.09e+05  6.075e+05  3.672e+05  5.035e+05  5.465e+05  3.897e+05   3.42e+05  5.946e+05  5.658e+05  4.665e+05  3.509e+05  3.407e+05  4.341e+05  4.624e+05  2.412e+05  5.257e+05  5.938e+05  5.513e+05  6.571e+05  6.321e+05  3.161e+05  3.967e+05  5.971e+05   4.76e+05  4.234e+05  4.522e+05  4.713e+05  3.658e+05  3.707e+05  5.511e+05  6.244e+05  5.485e+05  5.665e+05  4.909e+05  2.797e+05  1.794e+05  5.505e+05  5.505e+05  4.401e+05  4.714e+05  4.575e+05  3.896e+05  3.759e+05   4.09e+05   3.76e+05  3.055e+05  2.452e+05  4.918e+05  5.428e+05  4.401e+05  4.871e+05  4.272e+05  2.057e+05 -1.874e+06  -3.93e+06
 -3.692e+05 -1.632e+07 -6.133e+06 -2.108e+06 -1.739e+06 -6.032e+05 -9.457e+05 -5.813e+05 -2.274e+05  2.303e+05 -5.664e+05  9.634e+04   3.52e+05   3.97e+05  2.123e+05  1.396e+05 -4.062e+05  1.957e+05  1.662e+05  1.476e+05  2.456e+05  2.974e+05 -2.391e+05  -4.17e+05  1.408e+05  4.563e+05  4.332e+05  4.034e+05  1.872e+05  1.292e+05  1.868e+05   4.24e+05  1.579e+05  2.016e+05   3.28e+05  2.425e+05 -6.195e+05 -5.223e+05 -2.802e+05 -3.373e+05  1.048e+05  2.387e+05  7.608e+04  4.306e+05  2.743e+05  3.982e+05 -4.808e+05  1.599e+05 -4.593e+05  -3.83e+05 -3.231e+05  2.217e+04  5.653e+04  4.813e+04 -1.412e+06 -1.302e+05 -2.284e+05 -6.142e+05 -1.001e+05  3.234e+04  8.292e+04 -1.582e+05   9.07e+04  8.965e+04  6.778e+04  9.077e+04  4.934e+04 -3.022e+05  1.793e+05  2.339e+05 -7.372e+05 -5.476e+05 -5.319e+05  7.909e+04  2.433e+05  2.854e+05 -2.771e+05  2.541e+05 -2.239e+05   5.89e+04  3.249e+05 -3.904e+04  5.457e+04 -1.159e+05  4.108e+04  2.711e+05   1.45e+05  2.756e+05 -1.883e+04  1.867e+05 -7.724e+06  -1.15e+06 -4.619e+05  -4.95e+05 -4.975e+05 -9.868e+04  2.104e+05 -2.014e+05  3.454e+05  4.698e+04  9.727e+04  4.266e+05  3.219e+05  2.305e+05   2.77e+05  4.821e+04  3.632e+05  2.872e+05  3.706e+05  3.247e+05  3.773e+05 -6.617e+04 -2.237e+06 -1.741e+06  3.344e+05   4.04e+05  3.253e+05  2.241e+05  2.564e+05  2.305e+05  2.853e+05  2.499e+05  2.746e+05 -1.652e+06  1.169e+05  -1.53e+06 -6.059e+04 -1.286e+05  1.272e+05  1.935e+05  2.214e+04
  1.209e+05 -6.133e+06 -6.636e+07 -6.668e+06 -5.184e+06  -2.64e+06 -2.545e+06 -1.083e+06 -5.676e+05 -1.101e+05 -8.596e+05 -4.522e+05  2.178e+05  4.559e+05  1.887e+05  2.314e+05 -6.144e+05  1.355e+05  2.819e+05  1.333e+05  2.292e+05  1.019e+05       7785  -1.16e+06 -6.466e+05  3.657e+04 -9.162e+04 -9.423e+04 -4.186e+05  1.524e+05 -1.842e+05 -2.791e+05  4.989e+04  -9.06e+05  1.295e+05 -4.723e+05 -2.319e+06 -8.841e+05 -1.072e+06  -1.05e+06 -1.614e+05  1.082e+05 -6.182e+05  -6.02e+05 -2.827e+05 -3.173e+05 -1.737e+06  8.353e+04 -1.607e+06 -1.132e+06 -8.411e+05 -7.715e+05  -5.19e+05 -3.195e+05 -4.443e+06 -1.595e+06 -2.044e+06   -1.7e+06 -2.004e+06 -1.119e+06 -4.077e+05 -2.902e+05 -6.325e+05 -4.406e+05 -6.263e+05 -7.288e+05 -2.912e+05 -6.788e+05 -3.229e+05 -8.015e+05 -2.049e+06 -1.975e+06  -2.66e+06 -1.647e+06 -3.577e+05  4.407e+04 -3.152e+06 -4.938e+05 -1.814e+06 -9.604e+05 -2.573e+05  1.438e+05  4.817e+04 -8.804e+06 -3.656e+06 -5.955e+05 -2.405e+04 -3.252e+05 -2.561e+06 -2.061e+06  -4.49e+06 -6.486e+05 -3.397e+05 -2.769e+05 -1.544e+05  5.411e+04  2.779e+05 -5.171e+04  3.106e+05  1.055e+05 -4.429e+05  3.805e+05  3.171e+05  2.226e+05   3.14e+05  2.213e+05  3.748e+05   2.29e+05  1.918e+05  6.251e+04  4.443e+05   -7.9e+04 -1.691e+06 -1.484e+06  3.047e+05 -1.978e+05  2.097e+05  1.889e+05  3.542e+05  2.778e+05  1.994e+05  1.761e+05  3.563e+05   -1.4e+06  1.799e+05 -1.433e+06 -1.875e+05 -1.338e+05  2.541e+05  2.257e+05  1.511e+05
  4.381e+05 -2.108e+06 -6.668e+06 -8.913e+07 -1.824e+07 -6.658e+06 -6.555e+06 -3.061e+06 -2.548e+06 -1.383e+06 -5.378e+05 -3.724e+05 -4.426e+05 -1.104e+06 -1.558e+06   2.01e+05 -7.684e+05 -2.764e+05 -7.956e+05  4.137e+04 -1.276e+05 -1.726e+05 -1.629e+04 -3.522e+06 -1.549e+06 -4.232e+05  -4.12e+05 -5.087e+05 -5.094e+05  1.889e+04 -2.682e+05 -4.538e+04 -5.628e+04 -1.616e+06 -5.989e+04 -8.747e+05 -4.678e+06 -2.667e+06 -2.678e+06 -2.738e+06      -3538 -1.753e+04 -1.041e+06 -8.382e+05 -5.098e+05 -4.222e+05  -3.85e+06  1.209e+05 -3.728e+06 -2.676e+06 -2.055e+06 -1.336e+06 -5.749e+05      -1421 -6.446e+06 -1.353e+06 -1.511e+06 -1.642e+06 -1.629e+06 -2.039e+06 -8.403e+05 -2.303e+05 -4.508e+05 -4.657e+05  -1.29e+06 -8.453e+05 -6.573e+05 -5.547e+05 -7.101e+05 -1.731e+05 -2.727e+06 -3.069e+06 -2.956e+06 -5.087e+05 -5.689e+05 -4.502e+05 -3.488e+06  -4.58e+05 -1.804e+06 -1.057e+06 -5.237e+05 -5.206e+05 -1.002e+05  -2.31e+06  -1.16e+06  5.579e+04   2.89e+05  9.057e+04  -9.26e+05 -6.302e+05 -1.443e+06  2.971e+05  3.099e+05  3.582e+05  1.765e+05  3.078e+04  1.887e+05   1.27e+05  -1.96e+04  4.163e+05  2.814e+05  5.856e+05  3.964e+05  3.117e+05  3.671e+05  5.982e+05  5.811e+05  4.336e+05  4.541e+05  6.352e+05  3.741e+05  2.786e+05 -5.177e+05 -4.171e+05  5.488e+05  5.637e+05  3.174e+05  3.703e+05 -4.536e+05  3.156e+05   3.03e+05  2.901e+05  2.913e+05 -2.544e+05   4.21e+05 -3.529e+05  3.301e+04  2.444e+04  2.854e+05  3.508e+05  3.569e+05
   4.23e+05 -1.739e+06 -5.184e+06 -1.824e+07 -4.814e+07 -1.077e+07 -7.602e+06 -4.825e+06 -2.346e+06 -1.581e+06 -1.418e+06 -9.611e+05 -4.325e+05 -8.756e+05 -3.861e+05 -2.905e+05 -1.052e+06 -1.149e+06  7.907e+04 -8.717e+04  3.543e+04 -6.053e+05 -2.412e+05 -3.473e+06  -1.76e+06 -8.261e+05 -5.369e+05 -7.696e+05 -6.451e+05  9.223e+04 -8.122e+05 -6.755e+05 -2.365e+05  -1.57e+06 -4.167e+05 -1.398e+06 -5.726e+06 -3.655e+06  -3.26e+06 -2.952e+06 -7.355e+04 -3.078e+05 -1.908e+06  -1.27e+06 -5.242e+05 -4.506e+05 -4.162e+06 -1.075e+05 -4.118e+06 -1.096e+06 -7.518e+05 -7.451e+05 -3.852e+05  1.367e+05 -4.004e+06 -1.806e+06 -2.431e+06 -1.294e+06 -1.736e+06 -1.279e+06 -5.713e+05   -3.6e+05 -3.343e+05 -2.415e+05 -9.098e+05  -4.73e+05 -7.366e+05 -5.516e+05 -5.008e+05 -8.669e+04 -2.304e+06 -2.212e+06 -2.946e+06 -1.159e+06  -7.88e+05 -2.324e+05 -2.372e+06 -8.153e+04 -1.565e+06 -1.184e+06 -4.016e+05 -1.278e+05  -3.14e+04 -1.964e+06 -7.792e+05  8.401e+04  1.512e+05  1.385e+05 -2.658e+05 -5.079e+05 -1.128e+06  1.377e+05  1.503e+05  2.084e+05 -2.416e+04  1.007e+05  1.802e+05  2.715e+04  3.918e+05   1.01e+05 -2.063e+04  5.976e+05  4.173e+05  2.034e+05  3.378e+05  2.871e+05  3.572e+05  4.149e+05  6.064e+05   3.72e+05  4.917e+05  1.767e+05 -7.286e+05 -5.256e+05  5.956e+05    3.4e+05  4.186e+05  4.118e+05  3.993e+05  3.205e+05  3.913e+05  2.483e+05  3.819e+05 -3.757e+05  6.189e+05 -4.469e+05  1.793e+04      -3544  6.387e+04   3.42e+05  3.673e+05
  5.383e+05 -6.032e+05  -2.64e+06 -6.658e+06 -1.077e+07 -6.578e+07 -2.602e+07 -7.777e+06 -3.861e+06 -2.032e+06 -1.937e+06  -1.36e+06 -1.035e+06 -1.611e+06 -9.106e+05 -8.465e+05 -2.345e+06 -1.353e+06 -5.577e+05 -4.195e+05  -5.63e+05 -1.291e+06 -4.959e+05 -6.295e+06 -3.869e+06 -1.582e+06 -1.549e+06 -1.784e+04 -1.014e+06 -1.484e+05 -2.028e+06 -1.969e+06 -8.906e+05 -3.665e+06 -2.027e+06 -2.048e+06 -1.449e+07 -1.018e+07 -8.909e+06 -8.695e+06 -2.175e+05 -7.143e+05 -4.386e+06  -2.93e+06  -1.97e+06 -2.077e+06  -2.74e+06 -1.981e+05 -2.411e+06 -3.489e+05 -1.611e+05       9118  8.101e+04  2.105e+05 -2.378e+06 -2.499e+06 -1.831e+06 -1.018e+06 -1.316e+06 -9.432e+05  -1.68e+05 -7.529e+05  9.666e+04 -9.565e+05 -1.115e+06 -2.167e+05 -6.168e+05 -4.542e+05 -4.926e+05 -2.749e+05 -1.156e+06 -1.261e+06 -2.457e+06 -1.272e+06 -6.588e+05 -4.705e+04 -1.883e+06  1.109e+04 -6.094e+05 -1.428e+05  2.597e+04  1.013e+05 -1.552e+05 -1.032e+06 -2.593e+05 -1.093e+05  -8.29e+04  2.028e+05   3.43e+04 -4.072e+05 -1.592e+05  4.087e+05  3.196e+05  1.533e+05  4.579e+05  3.326e+05  2.078e+05   3.88e+05  4.021e+05  1.765e+05  2.728e+05  7.336e+05  3.112e+05  1.788e+05  2.977e+05  1.906e+05  4.057e+05  3.272e+05  4.446e+05  4.617e+05  3.107e+05  6.718e+04 -1.423e+04  7.501e+04  2.574e+05  9.509e+04  3.008e+05  4.296e+05  3.038e+05  9.653e+04  1.861e+05  2.422e+05  3.899e+05  1.972e+05 -5.721e+05  1.549e+05  3.041e+05  2.564e+05  3.442e+05  4.221e+05  4.725e+05
  3.215e+05 -9.457e+05 -2.545e+06 -6.555e+06 -7.602e+06 -2.602e+07 -1.202e+08 -2.193e+07  -7.85e+06 -5.638e+06 -5.218e+06 -2.089e+06 -1.872e+06 -4.141e+06 -1.994e+06 -1.985e+06 -5.096e+06   -2.6e+06 -4.062e+05 -7.386e+05 -1.211e+06 -1.268e+06  -1.69e+06 -8.552e+06   -6.3e+06 -2.905e+06 -2.504e+06 -9.193e+05 -2.862e+06 -2.143e+05 -4.187e+06 -2.355e+06 -1.057e+06  -6.38e+06 -3.033e+06 -2.736e+06 -1.844e+07 -1.139e+07 -1.135e+07 -1.111e+07 -7.586e+05 -5.893e+05 -4.825e+06 -6.676e+06 -2.432e+06 -2.858e+06 -2.811e+06 -5.741e+05 -2.095e+06 -1.086e+06 -7.421e+05 -5.172e+05 -2.721e+06 -4.594e+04 -2.382e+06 -2.263e+06 -5.643e+06 -3.156e+06 -5.906e+05 -5.805e+05 -5.802e+05 -1.089e+06 -1.416e+05  -8.04e+05 -4.881e+05 -5.548e+05 -4.061e+05 -8.769e+05 -8.177e+05  2.889e+05 -1.474e+06 -1.045e+06 -2.528e+06 -1.475e+06 -1.516e+06  -5.54e+05  -2.26e+06 -4.238e+04 -8.552e+05 -2.706e+05 -4.385e+05 -8.086e+05 -1.164e+05 -8.199e+05  2.013e+05  1.379e+05  2.073e+05  2.113e+05  5.385e+04 -7.423e+05 -2.111e+05  4.593e+05   5.52e+05  5.324e+05  3.191e+05  4.312e+05  6.137e+05  7.279e+04   5.36e+05  5.109e+05  1.335e+05  7.967e+05  4.186e+05  1.912e+05  3.568e+05   4.53e+05  7.042e+05   3.74e+05  5.032e+05  3.086e+05  5.161e+05  4.853e+04  5.361e+04 -6.342e+04  5.871e+05  5.802e+05  5.106e+05  3.776e+05  4.873e+05  3.086e+05  4.504e+05  2.659e+05  3.346e+05  4.366e+04 -7.347e+05 -3.295e+04  6.008e+04 -4.898e+04 -6.709e+04  3.914e+05  2.668e+05
  3.395e+05 -5.813e+05 -1.083e+06 -3.061e+06 -4.825e+06 -7.777e+06 -2.193e+07 -3.108e+08 -2.538e+07 -1.292e+07 -1.898e+07 -4.674e+06 -4.996e+06 -5.264e+06 -2.733e+06 -3.335e+06 -8.678e+06 -6.259e+06 -5.465e+06 -7.205e+05 -2.501e+06 -4.764e+06 -8.201e+06 -3.191e+07 -1.804e+07 -9.194e+06 -9.192e+06 -2.455e+06 -6.949e+06  -3.44e+05 -8.109e+06 -9.745e+06 -2.239e+06 -1.088e+07 -5.426e+06 -8.302e+06 -1.346e+07 -4.466e+06 -4.727e+06 -3.693e+06 -9.532e+05 -1.444e+06 -4.424e+06 -4.148e+06 -4.138e+06 -6.014e+06 -1.143e+06      -9409 -5.872e+05 -1.243e+06 -3.203e+05 -4.212e+05 -6.215e+05  2.296e+05 -1.043e+06 -2.286e+06 -5.727e+06 -2.943e+06 -8.978e+05 -4.869e+05 -7.356e+05 -5.148e+05 -2.473e+05 -6.666e+05 -1.635e+06 -4.669e+05 -1.335e+06 -2.546e+06 -5.741e+05 -6.149e+05  -2.48e+06 -2.353e+06 -2.995e+06 -1.048e+06 -1.132e+06  -6.79e+05  -9.69e+05  2.535e+05 -6.339e+05 -1.975e+06 -3.914e+05 -3.234e+05  3.388e+05 -1.041e+06  3.424e+05  2.724e+05 -7.855e+04  3.576e+05  9.612e+04 -4.271e+05  2.106e+05 -6.784e+05 -1.191e+05  -7.79e+04 -2.601e+05  3.466e+05  1.228e+05  3.221e+05       1411  1.497e+05   -3.3e+05  7.683e+05  5.036e+05  3.928e+05  3.529e+05  1.057e+05  1.717e+04 -1.304e+06 -6.969e+05  7.088e+04  6.169e+05 -1.004e+05  3.086e+05  4.294e+05  7.128e+05  8.161e+05  8.142e+05  2.778e+05   1.27e+05  2.431e+05  4.318e+05  1.665e+05  3.126e+05 -1.147e+05 -2.199e+05  7.615e+04  -3.85e+05 -5.783e+05  1.346e+05  3.166e+05  4.058e+05
  5.311e+05 -2.274e+05 -5.676e+05 -2.548e+06 -2.346e+06 -3.861e+06  -7.85e+06 -2.538e+07 -1.699e+08 -3.897e+07 -2.325e+07  -1.06e+07 -1.482e+07 -1.297e+07 -8.061e+06 -6.338e+06 -1.951e+07 -1.153e+07 -1.116e+06 -6.272e+05 -1.018e+06 -1.019e+07 -1.062e+07 -9.473e+06 -6.469e+06 -3.594e+06 -2.936e+06 -2.284e+06  -5.43e+06   -1.4e+06 -2.778e+06 -2.442e+06 -1.108e+06 -4.952e+06 -3.008e+06 -2.863e+06 -6.429e+06 -3.555e+06 -2.202e+06 -1.851e+06 -6.753e+05 -1.693e+06 -2.408e+06  -4.24e+06 -1.671e+06  -2.37e+06 -7.255e+05 -4.178e+05 -3.353e+05 -3.067e+05 -3.274e+05 -9.387e+05 -9.078e+05  7.084e+04 -4.443e+05 -1.017e+06 -2.008e+06 -2.325e+06 -6.832e+05 -9.528e+05  3.816e+04 -4.973e+05  1.968e+05  1.507e+05 -1.566e+06  7.801e+04 -9.913e+05 -5.847e+05 -6.985e+05  5.337e+05 -1.455e+06 -1.322e+06 -3.314e+06 -1.308e+06 -7.395e+05 -2.854e+05   3.47e+04 -6.347e+05 -8.053e+04 -4.289e+05  1.753e+05     -839.3 -3.348e+05 -3.716e+05  1.475e+05  2.597e+05 -2.552e+05  1.001e+05  1.994e+05 -3.042e+05  4.911e+05   6.76e+05  -1.78e+05 -1.643e+05  1.408e+05  3.739e+05  -2.21e+05 -2.381e+05  5.108e+05 -3.714e+05 -1.076e+05  4.155e+05  5.265e+05  4.265e+05  3.541e+05  9.276e+04  2.018e+05       3741  6.391e+05      -4481 -6.873e+04  8.693e+04  3.697e+05  2.083e+05  4.826e+05  4.989e+05  9.716e+04  3.564e+05 -4.325e+05 -2.129e+05  1.723e+05  2.627e+05  3.205e+05  1.608e+05  4.024e+05  4.685e+04 -2.723e+05 -4.254e+05  3.612e+05  4.246e+05   5.25e+05
  6.135e+05  2.303e+05 -1.101e+05 -1.383e+06 -1.581e+06 -2.032e+06 -5.638e+06 -1.292e+07 -3.897e+07 -2.423e+08 -5.399e+07 -1.945e+07 -2.216e+07 -3.324e+07 -1.581e+07 -1.074e+07 -4.808e+06 -4.914e+06 -1.351e+06 -3.435e+06 -2.507e+06 -5.428e+06 -6.058e+06 -4.807e+06 -3.905e+06 -2.568e+06 -2.355e+06 -5.341e+05 -1.699e+06  1.616e+05 -4.043e+06 -2.301e+06 -6.492e+05 -7.304e+06 -2.738e+06 -4.556e+06 -5.223e+06 -2.926e+06 -1.785e+06 -1.745e+06 -2.201e+05 -3.233e+06 -2.481e+06 -3.549e+06 -4.074e+06 -1.349e+06 -2.416e+05 -8.731e+05  1.773e+05 -1.968e+05 -1.783e+05 -5.373e+05 -8.627e+05  5.257e+05  -5.44e+04 -2.781e+05 -6.702e+05 -7.522e+05 -4.837e+05 -9.121e+05 -4.413e+05 -5.999e+05  6.612e+05 -5.727e+05  -1.97e+05 -5.631e+05 -8.912e+04  7.237e+05  6.413e+05  3.385e+05 -3.912e+05 -5.777e+04 -8.437e+05 -5.218e+05 -6.856e+04 -3.391e+05 -2.926e+05  4.194e+05 -5.245e+05  2.645e+05  3.837e+05  1.991e+05 -3.406e+05  8.167e+04  3.329e+05  1.464e+05  3.272e+05  3.849e+04  4.556e+05  1.905e+05  6.362e+05  3.854e+05  6.041e+05    5.3e+05  3.791e+05  5.715e+05  2.689e+05  7.834e+04  2.099e+05  4.407e+05  6.953e+05  4.237e+05  1.766e+05  4.839e+04 -1.997e+05  2.772e+05  3.407e+05  8.055e+04  8.458e+05  1.552e+05  3.608e+05  2.203e+05   4.61e+05 -5.585e+04  3.676e+05  7.269e+05  6.538e+05  3.545e+04 -9.392e+04  3.946e+05 -2.346e+05  3.533e+05  3.116e+04  2.367e+05  1.951e+05 -7.995e+04  9.204e+04       1157  2.928e+05  3.839e+05  6.844e+05
  3.937e+05 -5.664e+05 -8.596e+05 -5.378e+05 -1.418e+06 -1.937e+06 -5.218e+06 -1.898e+07 -2.325e+07 -5.399e+07 -2.324e+08 -2.146e+07 -3.187e+07 -7.267e+06 -6.495e+06 -5.344e+06 -4.162e+06  -4.68e+06 -6.242e+06 -1.669e+06 -2.015e+06 -3.239e+06 -5.026e+06 -6.414e+06 -4.054e+06 -2.717e+06 -4.168e+06 -5.722e+05  -4.59e+06 -2.183e+05 -3.656e+06 -1.625e+06 -7.486e+05 -4.033e+06 -1.927e+06 -2.702e+06 -4.016e+06 -1.574e+06 -2.239e+06 -1.507e+06 -1.104e+06 -6.656e+05 -1.975e+06 -3.001e+06 -3.012e+06 -2.282e+06 -1.758e+05 -3.809e+05  1.618e+05 -4.628e+05 -4.184e+05 -5.269e+05 -1.702e+06  1.125e+05 -2.009e+05 -5.249e+05 -5.364e+05 -4.078e+05 -3.201e+05   -1.2e+06  2.213e+05 -7.723e+05  3.278e+05 -2.236e+05 -6.341e+04  5.192e+04  2.684e+04  3.757e+05  2.118e+05       8862 -4.821e+05 -2.587e+04 -7.306e+05  2.727e+04 -4.014e+05 -2.357e+05 -2.912e+05 -9.873e+05 -2.236e+05 -2.739e+05 -1.257e+05 -7.078e+04  7.965e+04  3.249e+05  1.433e+05  2.783e+04 -1.306e+05  2.639e+04  5.343e+05  1.789e+05  5.735e+05  3.783e+05  5.972e+05  6.372e+05  5.929e+05 -7.561e+05  5.431e+05      -1976 -2.419e+05  4.862e+05   7.39e+05  4.566e+05  2.642e+05   9.66e+04  3.561e+05  3.283e+05  4.176e+05 -1.545e+06 -1.165e+06 -1.775e+05  4.518e+05  1.827e+05  4.727e+05   4.68e+05  4.721e+05  3.595e+05    1.6e+05   6.26e+05 -4.666e+04  4.319e+05  1.392e+05  2.242e+05  5.576e+04 -4.427e+05  5.083e+05 -2.165e+05  3.286e+05  3.255e+05  3.776e+05  3.259e+05  4.284e+05
  3.235e+05  9.634e+04 -4.522e+05 -3.724e+05 -9.611e+05  -1.36e+06 -2.089e+06 -4.674e+06  -1.06e+07 -1.945e+07 -2.146e+07 -9.012e+07 -2.653e+06 -5.973e+06 -4.905e+06  -4.15e+06 -5.151e+06 -3.387e+06 -2.355e+06 -5.702e+05 -8.975e+05 -2.201e+06 -4.257e+06 -3.539e+06 -3.197e+06 -1.536e+06 -8.932e+05 -6.646e+05 -1.488e+06 -3.634e+05 -7.246e+05 -2.827e+06 -1.848e+05 -2.175e+06 -2.101e+06 -1.609e+06 -2.912e+06 -2.643e+06 -1.198e+06 -8.849e+05 -3.067e+05 -7.424e+04 -8.077e+05 -1.351e+06 -1.247e+06 -1.376e+06       3185  -3.26e+05  1.322e+05  2.941e+04 -4.531e+04   4.53e+05 -3.538e+05  3.431e+05  1.171e+04 -6.732e+05 -9.314e+05 -1.262e+06 -1.911e+05 -3.953e+05  2.705e+05 -3.789e+05  1.746e+05 -2.662e+05 -3.448e+05  1.605e+05  1.811e+05  3.619e+05  2.468e+05  4.104e+05  2.034e+05  1.114e+05 -6.008e+05 -4.171e+05  2.281e+04 -3.827e+05  2.194e+05  6.093e+05       3553 -3.678e+05  5.956e+04  2.879e+05  1.423e+05  3.019e+05  2.503e+05 -1.496e+05 -2.571e+05 -3.109e+04  2.426e+05    6.9e+04  4.381e+05  3.592e+05   4.97e+05  4.295e+05  4.129e+05  4.979e+05   4.55e+05 -1.224e+05  3.294e+05  2.259e+05  5.801e+05  5.196e+04  3.092e+05  1.907e+05  4.115e+05  2.494e+05  1.905e+05 -4.927e+05  2.235e+05  6.355e+04  2.743e+05  1.751e+05  4.566e+05  2.604e+05  4.409e+05  4.397e+05 -8.566e+04  2.435e+05   2.17e+05  1.697e+05  4.758e+05  2.493e+05   3.57e+05  2.687e+05  3.588e+05  1.834e+05       5710 -1.905e+05   1.88e+05  2.514e+05  3.663e+05
  6.244e+05   3.52e+05  2.178e+05 -4.426e+05 -4.325e+05 -1.035e+06 -1.872e+06 -4.996e+06 -1.482e+07 -2.216e+07 -3.187e+07 -2.653e+06 -7.561e+07 -6.769e+06  -3.72e+06 -3.624e+06 -4.588e+06 -1.648e+06 -1.178e+06 -6.993e+05 -8.233e+05 -1.651e+06  -1.88e+06 -3.169e+06 -2.999e+06 -1.172e+06 -7.911e+05 -1.188e+06 -1.393e+05 -7.952e+04 -1.276e+06 -2.133e+06  -1.13e+06 -1.723e+06  -6.61e+05 -1.329e+06 -2.339e+06 -1.778e+06 -7.548e+05 -5.338e+05  4.118e+04 -1.437e+05 -9.252e+05 -1.638e+06 -1.296e+06 -4.124e+05  2.747e+04 -3.967e+05  2.139e+05  3.935e+05  2.345e+05  4.701e+05 -3.489e+05  3.324e+05  2.711e+05  3.206e+05  1.661e+05 -1.255e+06  3.378e+05       6382  2.254e+05 -1.987e+05  3.226e+05 -4.649e+04  1.992e+05 -1.592e+05  7.557e+04  2.572e+05  2.016e+05  2.741e+05  1.279e+05  1.033e+05 -3.137e+05 -1.028e+05 -2.128e+05  3.643e+05  2.524e+05  3.237e+05  1.429e+05  1.732e+05  1.839e+05 -2.491e+05 -2.264e+05  3.124e+05  3.862e+05  3.794e+05  -3.21e+05  3.177e+05  3.524e+05  -2.54e+04  5.964e+05  3.874e+05  4.058e+05   4.46e+05  5.185e+05  6.999e+05  5.458e+05  1.671e+05  4.464e+05 -4.787e+05  4.631e+05  4.835e+05  2.615e+05  1.672e+05  2.166e+05  2.695e+05  2.868e+05 -1.702e+04   2.94e+05  7.602e+04  5.117e+05  1.473e+05      4e+05  5.541e+05  2.435e+05  4.148e+05  2.445e+05  2.737e+05  2.459e+05  3.307e+05  1.292e+05  2.147e+05  3.419e+05  5.453e+05   8.99e+04  3.283e+05  5.143e+05  1.473e+05  1.033e+05  3.708e+05  4.725e+05
  4.421e+05   3.97e+05  4.559e+05 -1.104e+06 -8.756e+05 -1.611e+06 -4.141e+06 -5.264e+06 -1.297e+07 -3.324e+07 -7.267e+06 -5.973e+06 -6.769e+06 -2.268e+08 -3.736e+07 -2.896e+07  -4.74e+06 -1.023e+07 -1.751e+06 -1.376e+06 -2.293e+06 -9.594e+06 -4.202e+06 -5.741e+06  -2.99e+06 -1.116e+06 -1.351e+06 -3.483e+05 -5.001e+05 -1.402e+06 -8.431e+05 -9.651e+05  -9.52e+04 -3.547e+06 -3.765e+06 -7.729e+05 -2.126e+06 -2.365e+06 -5.043e+05 -9.223e+05 -1.863e+04 -4.542e+04 -8.149e+05 -2.163e+06 -2.154e+06 -2.067e+06  4.963e+04  6.085e+04   2.27e+05  2.046e+05  6.483e+04  2.216e+05  2.879e+05  3.511e+05 -2.705e+04 -1.578e+05 -4.258e+05 -9.734e+05 -1.323e+06  2.774e+05  4.044e+05  4.283e+05  2.184e+05 -1.254e+05  -3.86e+04 -1.037e+05 -3.829e+05  5.329e+05  2.487e+05  5.791e+05  1.625e+04  1.694e+05 -7.542e+05 -1.332e+04  5.999e+04  5.573e+05  1.217e+05  3.462e+05  4.129e+05   2.63e+05 -1.101e+05      -4043 -1.418e+05  1.406e+05  3.271e+05  4.045e+04  5.027e+05  2.038e+04  1.636e+05  9.595e+04  5.845e+05  6.154e+05  2.242e+05 -1.089e+05  4.151e+05 -2.945e+05  2.151e+05  9.599e+04  3.411e+05       5430 -2.361e+05   6.47e+05   5.73e+05  4.978e+05  4.698e+05  4.964e+05  5.765e+05   3.84e+05  7.702e+05  1.925e+04  1.357e+05  2.029e+05  7.191e+05  3.431e+05  7.687e+05 -5.369e+05   8.14e+05   1.12e+05  1.617e+05  7.019e+04 -7.226e+05  1.777e+05  2.474e+05  5.741e+05  5.899e+05  4.161e+05  5.105e+05  4.929e+05  4.269e+05  3.875e+05  4.295e+05
  2.806e+05  2.123e+05  1.887e+05 -1.558e+06 -3.861e+05 -9.106e+05 -1.994e+06 -2.733e+06 -8.061e+06 -1.581e+07 -6.495e+06 -4.905e+06  -3.72e+06 -3.736e+07 -1.153e+08 -2.369e+06 -7.457e+06 -2.642e+06 -1.448e+06 -1.679e+06 -2.159e+06 -2.822e+06  -4.08e+06 -2.608e+06 -2.748e+06 -1.652e+06 -9.117e+05 -1.157e+06 -4.088e+05 -2.226e+05 -4.646e+05 -1.298e+06       1446 -1.133e+06 -1.079e+06  -2.48e+05 -1.926e+06 -2.163e+06 -9.066e+05 -5.594e+05 -7.369e+04 -8.476e+05 -6.173e+05  -8.82e+05 -6.192e+05  -1.05e+06  5.695e+04  1.664e+05   4.51e+05  8.132e+04 -1.616e+05  3.023e+05   2.23e+05  2.822e+05 -4.787e+04 -1.228e+05 -3.804e+05 -1.272e+05 -5.071e+05 -5.026e+05      -2492  1.427e+05 -3.325e+05  -1.23e+05 -2.383e+04 -2.874e+05  -3.05e+05  4.741e+05  3.081e+05  3.798e+05 -1.174e+04  2.279e+05 -8.443e+04  -6.56e+05   1.38e+05 -4.181e+04 -1.828e+05 -2.345e+05  3.348e+05 -2.051e+05  -1.25e+05  2.483e+05 -2.473e+05  4.972e+05  3.204e+04  3.299e+05  1.551e+05  3.989e+04  3.653e+05  1.581e+05  3.855e+05  5.061e+05  5.569e+05  3.824e+05  3.694e+05  4.742e+05  2.292e+05  3.842e+05  4.057e+05  2.416e+05 -1.233e+05  6.152e+05  4.952e+05  2.383e+05 -9.694e+04  3.926e+05  4.698e+05  5.585e+05  5.666e+05 -5.847e+05  6.756e+04  2.154e+05  4.456e+05  2.652e+05  5.292e+05  8.757e+05  1.912e+05 -2.153e+05 -2.188e+05  4.133e+05  -3.63e+05  2.722e+05  4.006e+05  3.685e+05   4.13e+05  1.051e+05   5.16e+05  2.455e+05  2.775e+05  4.032e+05  4.534e+05
  4.123e+05  1.396e+05  2.314e+05   2.01e+05 -2.905e+05 -8.465e+05 -1.985e+06 -3.335e+06 -6.338e+06 -1.074e+07 -5.344e+06  -4.15e+06 -3.624e+06 -2.896e+07 -2.369e+06 -8.249e+07 -5.495e+06 -4.474e+06 -1.491e+06 -1.437e+06 -2.273e+06  -4.43e+06 -3.312e+06 -1.087e+06 -1.256e+06 -3.207e+05       4104  4.248e+05 -1.173e+05 -3.203e+05 -1.202e+06 -1.214e+06 -4.304e+05 -2.042e+06  -1.24e+06 -6.895e+05 -1.543e+06  -8.75e+05 -5.787e+05 -6.573e+05  1.143e+05 -9.711e+05 -3.833e+05 -2.056e+06  -6.39e+05 -1.564e+06 -4.164e+04 -2.961e+04  6.319e+04  2.433e+05  1.892e+05 -1.823e+05      -6268  3.091e+04  2.282e+05      -3142 -4.128e+04 -1.735e+05 -4.862e+05 -3.506e+05  2.985e+05 -6.659e+05 -1.316e+05  1.358e+05  3.387e+05  2.858e+05  2.391e+05   4.24e+05  5.287e+05  3.177e+05  2.855e+05  3.614e+05  5.429e+05  5.021e+05  1.983e+05  3.957e+05  6.605e+05  4.669e+04  9.637e+04 -2.629e+04  3.274e+05  -2.59e+05  1.074e+05  2.297e+05  5.477e+05  2.893e+05  1.093e+05  3.517e+05  2.919e+05 -1.435e+04  4.507e+05  3.044e+05  4.288e+05  3.701e+05      856.1 -3.542e+05  6.857e+04  1.494e+05  3.552e+05 -7.454e+04 -4.725e+05      -8303  3.146e+05 -4.067e+04  3.031e+05   5.47e+05  5.908e+05  5.685e+05  5.247e+05  2.936e+05  4.278e+05  1.924e+05  5.502e+05  5.925e+05  6.722e+05 -4.426e+05  3.643e+05  -1.34e+05  4.511e+05  4.237e+05  4.767e+05  4.457e+05  2.813e+05  3.777e+05  3.082e+05  2.863e+05   4.07e+05  2.482e+05  2.726e+05  2.978e+05  3.941e+05
  3.374e+05 -4.062e+05 -6.144e+05 -7.684e+05 -1.052e+06 -2.345e+06 -5.096e+06 -8.678e+06 -1.951e+07 -4.808e+06 -4.162e+06 -5.151e+06 -4.588e+06  -4.74e+06 -7.457e+06 -5.495e+06 -1.641e+08 -3.145e+07 -8.218e+06 -2.965e+06 -3.759e+06 -2.107e+07 -2.614e+07 -4.084e+06 -6.781e+06 -4.095e+06 -3.526e+06 -2.458e+06 -1.694e+06 -5.402e+05 -1.925e+06 -1.464e+06 -1.314e+06 -3.326e+06 -1.655e+06 -1.654e+06 -4.291e+06 -3.409e+06 -2.823e+06 -2.631e+06 -4.572e+05 -5.676e+05 -1.627e+06 -2.066e+06 -9.896e+05 -1.526e+06 -5.192e+05 -1.954e+05 -4.215e+05 -7.899e+05 -1.386e+06 -6.039e+05  2.157e+05 -6.739e+05 -1.537e+05 -1.387e+06 -7.451e+05  -2.64e+06 -2.882e+05 -9.893e+05  1.296e+05 -4.445e+04  6.469e+04 -3.449e+05 -1.265e+06  2.731e+05 -1.333e+06 -2.929e+06  -2.74e+04  4.598e+05 -1.127e+06 -1.343e+06 -2.636e+06  -9.31e+05 -6.497e+05  1.321e+05 -1.037e+06 -3.694e+05 -2.107e+04 -9.132e+05 -1.122e+05 -3.732e+05 -9.383e+04 -4.223e+05  1.534e+05 -4.482e+05 -2.408e+05 -7.793e+04 -7.373e+04 -7.435e+05  3.747e+05  3.865e+05 -2.253e+05 -1.345e+05   1.16e+05  4.513e+05 -2.133e+05  1.922e+05 -7.548e+04 -8.797e+05  1.526e+05  3.635e+05  5.894e+05  4.427e+05  3.772e+05 -2.466e+04  5.293e+04  1.322e+05  5.757e+05  3.389e+05  1.175e+05  1.734e+05  4.811e+05   2.21e+05  6.341e+05  5.841e+05  5.986e+04  5.693e+05  2.751e+05  5.175e+05  4.919e+05  2.517e+05  5.233e+05  2.247e+05  1.103e+05  2.024e+05 -4.824e+05  -8.41e+05  4.003e+05   4.49e+05   4.26e+05
  4.534e+05  1.957e+05  1.355e+05 -2.764e+05 -1.149e+06 -1.353e+06   -2.6e+06 -6.259e+06 -1.153e+07 -4.914e+06  -4.68e+06 -3.387e+06 -1.648e+06 -1.023e+07 -2.642e+06 -4.474e+06 -3.145e+07 -1.825e+08 -1.543e+07 -5.165e+06 -5.855e+06 -3.855e+07 -2.241e+06 -6.242e+06 -3.602e+06 -1.644e+06 -1.408e+06 -7.682e+05 -8.646e+05 -7.374e+05 -1.176e+06 -8.476e+05 -2.346e+05 -2.176e+06  -4.33e+05 -2.479e+05 -4.391e+06 -1.573e+06 -4.043e+05 -5.614e+05 -2.435e+05  2.963e+04 -2.253e+05 -1.014e+06 -3.735e+05 -6.468e+05 -4.175e+05  2.803e+05 -5.463e+05 -2.603e+04  2.641e+05 -6.575e+04  1.753e+05  5.563e+05 -4.761e+04 -7.815e+05 -6.661e+05 -8.993e+05  5.603e+05  -3.57e+05  5.427e+05  1.451e+04 -3.169e+05 -9.947e+04 -3.395e+06  2.022e+05 -1.544e+06 -2.844e+05  1.784e+05 -4.205e+04 -8.015e+05 -6.517e+05 -1.493e+06 -5.669e+05 -6.142e+05 -1.685e+05 -6.231e+05 -1.598e+05  2.698e+05 -2.282e+05  6.885e+04  3.121e+05  4.044e+05 -1.763e+05  4.198e+05  4.565e+05  4.905e+05 -1.902e+05  3.766e+05 -3.363e+05  4.028e+05  5.741e+04 -3.635e+05 -4.145e+05  -6.04e+04 -1.162e+06 -3.299e+05  4.982e+05  2.981e+05  3.249e+05  6.709e+04  6.892e+05  4.109e+05  4.367e+05   3.72e+05  4.293e+04  6.217e+04  6.174e+05  5.391e+05  4.408e+05  6.151e+05   1.03e+04  2.874e+05  3.124e+05  3.721e+05  3.101e+05  2.593e+05  3.729e+05 -7.424e+04  2.575e+05  6.399e+05  1.786e+05  5.106e+05 -9.734e+04  3.699e+05 -4.068e+04 -1.626e+05 -2.733e+05      -9936  4.191e+05  4.172e+05
  3.571e+05  1.662e+05  2.819e+05 -7.956e+05  7.907e+04 -5.577e+05 -4.062e+05 -5.465e+06 -1.116e+06 -1.351e+06 -6.242e+06 -2.355e+06 -1.178e+06 -1.751e+06 -1.448e+06 -1.491e+06 -8.218e+06 -1.543e+07 -1.817e+08 -2.654e+07 -3.254e+07 -3.067e+06 -2.488e+06 -4.767e+06 -4.362e+06 -1.563e+06 -4.368e+05 -9.892e+05 -1.106e+06 -7.746e+05 -6.395e+05 -1.138e+06 -4.977e+05 -5.982e+05 -2.524e+06 -1.129e+06 -2.134e+06 -5.899e+05 -3.254e+05 -1.529e+05  6.135e+04  -6.49e+05  -3.04e+05 -5.614e+05 -1.908e+06 -1.475e+05  1.547e+05  -5.44e+05  3.579e+04 -9.727e+05  3.381e+05 -1.093e+06  3.682e+05 -4.154e+05  1.023e+05   4.73e+04  2.802e+05   4.33e+05  4.927e+05  4.238e+05  3.627e+05   2.16e+05 -6.717e+05  3.441e+05 -4.501e+05 -1.756e+05  1.701e+05  1.248e+05 -1.551e+06 -1.677e+05  3.644e+05  1.695e+05  3.942e+05 -9.649e+04 -2.611e+05 -2.359e+06  4.821e+05  4.632e+05  3.699e+05   6.37e+05 -8.189e+04   3.54e+05 -1.565e+05  2.918e+05  2.595e+05   5.21e+05  3.167e+05  3.879e+05  3.164e+05  2.776e+05  3.463e+05  1.995e+05  5.826e+05  5.697e+05  5.882e+05  5.686e+05  4.395e+05  4.375e+05 -1.969e+05  1.513e+05  6.152e+04  4.511e+04 -5.232e+05       1013 -6.013e+05  5.463e+05  5.764e+05  6.527e+05      -3269  6.426e+05  4.554e+05  1.286e+05  3.944e+05  3.366e+05 -1.014e+05 -1.699e+06 -4.023e+04 -1.204e+06 -7.787e+05 -7.512e+05  4.736e+04  -2.58e+06 -5.265e+05  4.023e+05  3.713e+05  2.463e+05  3.201e+05  3.085e+05  2.644e+05  2.546e+05  2.961e+05
  3.148e+05  1.476e+05  1.333e+05  4.137e+04 -8.717e+04 -4.195e+05 -7.386e+05 -7.205e+05 -6.272e+05 -3.435e+06 -1.669e+06 -5.702e+05 -6.993e+05 -1.376e+06 -1.679e+06 -1.437e+06 -2.965e+06 -5.165e+06 -2.654e+07 -7.673e+07  -2.81e+06 -2.886e+06  -2.72e+06 -5.737e+05 -8.068e+05 -1.044e+06 -6.044e+05 -1.515e+06 -1.708e+05 -6.572e+05 -1.012e+06 -2.701e+05 -2.754e+06 -9.512e+05 -1.068e+06 -5.275e+05   4.85e+04 -2.426e+06 -2.954e+05  6.002e+04 -1.325e+06  2.745e+05 -1.549e+05 -4.007e+05 -1.285e+06 -3.699e+05 -5.954e+04 -5.191e+05  1.347e+05 -5.022e+05 -4.915e+04 -6.771e+05  2.042e+05 -5.101e+05  2.944e+05  2.723e+05  4.315e+05 -1.805e+05  6.623e+04  2.073e+04  1.908e+05 -1.147e+05  4.611e+04  2.866e+05  2.668e+05 -9.073e+04 -4.088e+05  3.097e+05 -3.219e+05 -3.225e+05 -1.017e+05 -1.392e+05  2.674e+05 -3.102e+05  1.786e+05 -1.797e+06  5.876e+04  3.296e+05  2.271e+05 -2.773e+05  2.254e+05  2.762e+05 -9.003e+04  1.991e+05  2.207e+05   4.52e+05    4.2e+05  3.805e+05  6.824e+04  1.062e+05  2.702e+05  2.705e+05  3.838e+05  2.653e+05  3.392e+05  4.703e+05  2.646e+05  1.449e+05  1.485e+05  3.584e+05   3.21e+05  1.823e+05 -3.001e+04   2.74e+05 -3.863e+04  3.113e+05  3.319e+05  4.701e+05  1.562e+05  2.274e+05  3.824e+05  1.415e+05  3.135e+05 -1.452e+05  2.026e+05 -2.208e+05  5.723e+05 -2.003e+05  7.237e+04 -1.665e+05  1.447e+05  -2.06e+06  1.589e+05  3.126e+05 -4.404e+04  1.586e+05  3.211e+05  2.816e+05  3.334e+05  1.743e+05  2.537e+05
  1.902e+05  2.456e+05  2.292e+05 -1.276e+05  3.543e+04  -5.63e+05 -1.211e+06 -2.501e+06 -1.018e+06 -2.507e+06 -2.015e+06 -8.975e+05 -8.233e+05 -2.293e+06 -2.159e+06 -2.273e+06 -3.759e+06 -5.855e+06 -3.254e+07  -2.81e+06 -7.133e+07 -2.135e+06 -2.184e+06 -2.573e+05 -1.109e+05 -5.459e+05  -1.78e+05  3.385e+05 -6.851e+05 -2.774e+05 -6.165e+05 -8.005e+05 -4.806e+05 -7.733e+05  -2.24e+06  2.045e+04 -1.758e+06      -1201 -1.709e+05 -1.649e+05 -2.135e+05 -2.825e+05 -2.467e+05 -6.047e+05 -6.176e+05 -2.366e+05  6.174e+04  5.527e+04  2.041e+05  1.944e+04  2.033e+05  2.943e+05  2.651e+05  3.395e+04  2.673e+05  1.894e+04  1.825e+05   3.45e+05  4.052e+05  3.492e+05  1.014e+05  1.229e+05 -6.718e+05  1.407e+05  5.228e+04 -1.078e+05  2.779e+05 -2.173e+04 -1.387e+06   4.61e+04  2.406e+05  2.173e+05  3.137e+05  4.261e+05  -4.54e+05 -4.714e+05   8.44e+04   6.39e+04  2.367e+05   5.75e+05  1.909e+05   2.29e+05  1.183e+04   2.76e+05  2.992e+05  2.024e+05  4.179e+05  2.796e+05   3.91e+05  2.194e+05   3.23e+05  1.898e+05  4.364e+05  2.348e+05  4.799e+05  3.514e+05  3.035e+05   3.31e+05  4.346e+05  7.091e+04  4.104e+05 -6.875e+04 -3.739e+05 -9.286e+04 -4.817e+05  3.934e+05  2.549e+05  5.033e+05 -1.533e+05    2.4e+05 -2.432e+05  6.189e+04  3.217e+05  4.305e+05  1.078e+05 -1.672e+06  -2.07e+05 -1.042e+06 -5.648e+05 -6.553e+05 -3.676e+05 -4.679e+05  3.386e+05  3.234e+05  2.592e+05  1.173e+05  4.175e+05  2.791e+05  4.244e+05  1.473e+05  2.462e+05
  5.126e+05  2.974e+05  1.019e+05 -1.726e+05 -6.053e+05 -1.291e+06 -1.268e+06 -4.764e+06 -1.019e+07 -5.428e+06 -3.239e+06 -2.201e+06 -1.651e+06 -9.594e+06 -2.822e+06  -4.43e+06 -2.107e+07 -3.855e+07 -3.067e+06 -2.886e+06 -2.135e+06 -7.966e+07 -2.484e+06 -3.025e+06 -2.094e+06 -8.719e+05 -6.654e+05 -7.639e+05 -3.091e+05  1.367e+05 -1.007e+06 -3.137e+05  -4.59e+05 -1.458e+06 -6.359e+05 -4.346e+05 -2.539e+06 -9.708e+05 -2.652e+05  -3.05e+05      -8409  6.743e+04 -2.898e+05 -8.889e+05 -5.439e+05 -4.828e+05 -4.315e+05  9.385e+04   -2.4e+05  1.362e+05  3.124e+05 -1.927e+05 -1.256e+05  3.267e+05 -4.327e+04 -3.158e+05 -5.865e+05  3.294e+05  2.325e+05 -5.794e+05  4.638e+05  7.882e+04  2.232e+05  3.547e+05 -9.473e+05  4.384e+05 -1.309e+06 -1.273e+05  2.277e+05  6.203e+05 -5.563e+05 -8.397e+05 -8.396e+05 -1.791e+05 -4.746e+05  3.042e+05 -5.757e+05  2.411e+05  3.059e+05  3.331e+05  5.173e+04  1.282e+05  1.763e+05 -4.223e+04  3.118e+05  5.054e+05  3.363e+05  3.931e+05  3.211e+05 -1.813e+05  3.891e+05  3.082e+05 -5.457e+05 -6.828e+05 -1.255e+05  5.303e+05 -1.858e+05  3.079e+05  1.669e+05       9240 -1.754e+05  5.784e+05  4.034e+05  2.927e+05  3.373e+05       8230  9.578e+04  4.966e+05  4.604e+05  2.824e+05  4.121e+05      -7221   4.19e+05  3.703e+05  6.563e+05  7.007e+05  7.062e+05  3.469e+05  4.998e+05  4.024e+05  1.717e+05   2.18e+05  2.561e+05  6.905e+04  4.206e+05  6.719e+04 -2.402e+05 -3.732e+05  1.537e+05  3.941e+05   4.16e+05
  3.302e+05 -2.391e+05       7785 -1.629e+04 -2.412e+05 -4.959e+05  -1.69e+06 -8.201e+06 -1.062e+07 -6.058e+06 -5.026e+06 -4.257e+06  -1.88e+06 -4.202e+06  -4.08e+06 -3.312e+06 -2.614e+07 -2.241e+06 -2.488e+06  -2.72e+06 -2.184e+06 -2.484e+06 -8.534e+07 -1.747e+06 -2.352e+06 -1.082e+06  -6.73e+05   2.85e+05 -6.711e+04       6997 -1.431e+06 -3.614e+05  -5.46e+05 -8.801e+05 -6.514e+05 -1.059e+06 -1.573e+06 -2.005e+06 -1.546e+06 -1.776e+06  -5.91e+04 -2.752e+05 -1.071e+06  -1.11e+06  -5.45e+05 -1.036e+06 -1.614e+05  1.339e+05      -2120 -4.406e+05  -1.25e+06 -5.814e+05 -3.101e+05 -5.914e+05  2.715e+05  6.001e+04  8.842e+04  -2.47e+05  1.634e+05 -4.106e+05  3.314e+04 -2.403e+05  1.749e+05   5.71e+04  2.868e+05  4.205e+05 -7.998e+04 -2.365e+06 -3.419e+05  3.657e+05  5.037e+04 -1.791e+06 -4.632e+05  3.485e+04  2.508e+04 -5.006e+04   1.92e+05  3.104e+05  3.713e+05 -2.619e+05  3.234e+05 -4.141e+05 -1.021e+05  4.316e+04 -4.011e+05  2.656e+05 -3.612e+05  3.426e+05 -1.424e+05  1.794e+05  4.587e+05  4.411e+05  4.564e+05   3.64e+05  2.773e+05 -4.653e+05  1.955e+05  -3.86e+04 -1.981e+04 -2.318e+05  3.628e+05  1.853e+05  5.336e+05  2.281e+05  2.009e+05  2.747e+05  4.319e+05  2.454e+05  5.514e+05  1.487e+05  1.623e+05  1.936e+05  5.653e+05  2.568e+05  5.978e+05  5.435e+05  2.464e+05  5.491e+05  4.042e+05  4.128e+05  1.267e+05  7.986e+04  1.755e+05  4.319e+05  2.519e+05  2.995e+05  2.077e+05 -1.171e+05  2.574e+05  3.704e+05  4.087e+05
